{
  "claudeopus46|Q1.1.1": {
    "batch_indices": [
      1,
      2,
      3,
      4,
      5
    ],
    "matrix": [
      [
        1.0,
        1.0,
        1.0,
        1.0,
        0.7647058823529411
      ],
      [
        1.0,
        1.0,
        1.0,
        1.0,
        0.7647058823529411
      ],
      [
        1.0,
        1.0,
        1.0,
        1.0,
        0.7647058823529411
      ],
      [
        1.0,
        1.0,
        1.0,
        1.0,
        0.7647058823529411
      ],
      [
        0.7647058823529411,
        0.7647058823529411,
        0.7647058823529411,
        0.7647058823529411,
        1.0
      ]
    ]
  },
  "claudeopus46|Q1.1.2": {
    "batch_indices": [
      1,
      2,
      3,
      4,
      5
    ],
    "matrix": [
      [
        1.0,
        0.2631578947368421,
        0.125,
        0.125,
        0.125
      ],
      [
        0.2631578947368421,
        1.0,
        0.045454545454545456,
        0.045454545454545456,
        0.045454545454545456
      ],
      [
        0.125,
        0.045454545454545456,
        1.0,
        1.0,
        1.0
      ],
      [
        0.125,
        0.045454545454545456,
        1.0,
        1.0,
        1.0
      ],
      [
        0.125,
        0.045454545454545456,
        1.0,
        1.0,
        1.0
      ]
    ]
  },
  "claudeopus46|Q1.1.3": {
    "batch_indices": [
      1,
      2,
      3,
      4,
      5
    ],
    "matrix": [
      [
        1.0,
        1.0,
        1.0,
        1.0,
        1.0
      ],
      [
        1.0,
        1.0,
        1.0,
        1.0,
        1.0
      ],
      [
        1.0,
        1.0,
        1.0,
        1.0,
        1.0
      ],
      [
        1.0,
        1.0,
        1.0,
        1.0,
        1.0
      ],
      [
        1.0,
        1.0,
        1.0,
        1.0,
        1.0
      ]
    ]
  },
  "claudeopus46|Q1.1.4": {
    "batch_indices": [
      1,
      2,
      3,
      4,
      5
    ],
    "matrix": [
      [
        1.0,
        1.0,
        1.0,
        0.6666666666666666,
        0.10810810810810811
      ],
      [
        1.0,
        1.0,
        1.0,
        0.6666666666666666,
        0.10810810810810811
      ],
      [
        1.0,
        1.0,
        1.0,
        0.6666666666666666,
        0.10810810810810811
      ],
      [
        0.6666666666666666,
        0.6666666666666666,
        0.6666666666666666,
        1.0,
        0.10256410256410256
      ],
      [
        0.10810810810810811,
        0.10810810810810811,
        0.10810810810810811,
        0.10256410256410256,
        1.0
      ]
    ]
  },
  "claudeopus46|Q1.1.5": {
    "batch_indices": [
      1,
      2,
      3,
      4,
      5
    ],
    "matrix": [
      [
        1.0,
        0.14285714285714285,
        0.1,
        0.16666666666666666,
        0.375
      ],
      [
        0.14285714285714285,
        1.0,
        0.5,
        0.3333333333333333,
        0.5
      ],
      [
        0.1,
        0.5,
        1.0,
        0.6666666666666666,
        0.3333333333333333
      ],
      [
        0.16666666666666666,
        0.3333333333333333,
        0.6666666666666666,
        1.0,
        0.25
      ],
      [
        0.375,
        0.5,
        0.3333333333333333,
        0.25,
        1.0
      ]
    ]
  },
  "claudeopus46|Q1.1.6": {
    "batch_indices": [
      1,
      2,
      3,
      4,
      5
    ],
    "matrix": [
      [
        1.0,
        0.0,
        0.1111111111111111,
        0.0,
        0.0
      ],
      [
        0.0,
        1.0,
        0.14285714285714285,
        0.0,
        0.0
      ],
      [
        0.1111111111111111,
        0.14285714285714285,
        1.0,
        0.125,
        0.0
      ],
      [
        0.0,
        0.0,
        0.125,
        1.0,
        0.0
      ],
      [
        0.0,
        0.0,
        0.0,
        0.0,
        1.0
      ]
    ]
  },
  "claudeopus46|Q1.2.1": {
    "batch_indices": [
      1,
      2,
      3,
      4,
      5
    ],
    "matrix": [
      [
        1.0,
        0.75,
        0.6666666666666666,
        0.6,
        0.8333333333333334
      ],
      [
        0.75,
        1.0,
        0.5454545454545454,
        0.6363636363636364,
        0.625
      ],
      [
        0.6666666666666666,
        0.5454545454545454,
        1.0,
        0.46153846153846156,
        0.5555555555555556
      ],
      [
        0.6,
        0.6363636363636364,
        0.46153846153846156,
        1.0,
        0.5
      ],
      [
        0.8333333333333334,
        0.625,
        0.5555555555555556,
        0.5,
        1.0
      ]
    ]
  },
  "claudeopus46|Q1.2.2": {
    "batch_indices": [
      1,
      2,
      3,
      4,
      5
    ],
    "matrix": [
      [
        1.0,
        0.8648648648648649,
        0.7837837837837838,
        0.75,
        0.6666666666666666
      ],
      [
        0.8648648648648649,
        1.0,
        0.7428571428571429,
        0.6363636363636364,
        0.5555555555555556
      ],
      [
        0.7837837837837838,
        0.7428571428571429,
        1.0,
        0.6829268292682927,
        0.675
      ],
      [
        0.75,
        0.6363636363636364,
        0.6829268292682927,
        1.0,
        0.625
      ],
      [
        0.6666666666666666,
        0.5555555555555556,
        0.675,
        0.625,
        1.0
      ]
    ]
  },
  "claudeopus46|Q1.2.3": {
    "batch_indices": [
      1,
      2,
      3,
      4,
      5
    ],
    "matrix": [
      [
        1.0,
        0.8125,
        0.9375,
        1.0,
        0.125
      ],
      [
        0.8125,
        1.0,
        0.7647058823529411,
        0.8125,
        0.13043478260869565
      ],
      [
        0.9375,
        0.7647058823529411,
        1.0,
        0.9375,
        0.12
      ],
      [
        1.0,
        0.8125,
        0.9375,
        1.0,
        0.125
      ],
      [
        0.125,
        0.13043478260869565,
        0.12,
        0.125,
        1.0
      ]
    ]
  },
  "claudeopus46|Q1.2.4": {
    "batch_indices": [
      1,
      2,
      3,
      4,
      5
    ],
    "matrix": [
      [
        1.0,
        0.875,
        0.75,
        1.0,
        0.75
      ],
      [
        0.875,
        1.0,
        0.625,
        0.875,
        0.625
      ],
      [
        0.75,
        0.625,
        1.0,
        0.75,
        1.0
      ],
      [
        1.0,
        0.875,
        0.75,
        1.0,
        0.75
      ],
      [
        0.75,
        0.625,
        1.0,
        0.75,
        1.0
      ]
    ]
  },
  "claudeopus46|Q1.2.5": {
    "batch_indices": [
      1,
      2,
      3,
      4,
      5
    ],
    "matrix": [
      [
        1.0,
        0.7333333333333333,
        0.38461538461538464,
        0.4090909090909091,
        0.5555555555555556
      ],
      [
        0.7333333333333333,
        1.0,
        0.36,
        0.3181818181818182,
        0.625
      ],
      [
        0.38461538461538464,
        0.36,
        1.0,
        0.6956521739130435,
        0.5
      ],
      [
        0.4090909090909091,
        0.3181818181818182,
        0.6956521739130435,
        1.0,
        0.55
      ],
      [
        0.5555555555555556,
        0.625,
        0.5,
        0.55,
        1.0
      ]
    ]
  },
  "claudeopus46|Q2.1.1": {
    "batch_indices": [
      1,
      2,
      3,
      4,
      5
    ],
    "matrix": [
      [
        1.0,
        0.375,
        0.75,
        0.25,
        0.25
      ],
      [
        0.375,
        1.0,
        0.5,
        0.6666666666666666,
        0.6666666666666666
      ],
      [
        0.75,
        0.5,
        1.0,
        0.3333333333333333,
        0.3333333333333333
      ],
      [
        0.25,
        0.6666666666666666,
        0.3333333333333333,
        1.0,
        1.0
      ],
      [
        0.25,
        0.6666666666666666,
        0.3333333333333333,
        1.0,
        1.0
      ]
    ]
  },
  "claudeopus46|Q2.1.2": {
    "batch_indices": [
      1,
      2,
      3,
      4,
      5
    ],
    "matrix": [
      [
        1.0,
        1.0,
        1.0,
        0.375,
        1.0
      ],
      [
        1.0,
        1.0,
        1.0,
        0.375,
        1.0
      ],
      [
        1.0,
        1.0,
        1.0,
        0.375,
        1.0
      ],
      [
        0.375,
        0.375,
        0.375,
        1.0,
        0.375
      ],
      [
        1.0,
        1.0,
        1.0,
        0.375,
        1.0
      ]
    ]
  },
  "claudeopus46|Q2.1.3": {
    "batch_indices": [
      1,
      2,
      3,
      4,
      5
    ],
    "matrix": [
      [
        1.0,
        0.42857142857142855,
        0.2857142857142857,
        0.2857142857142857,
        0.2857142857142857
      ],
      [
        0.42857142857142855,
        1.0,
        0.6666666666666666,
        0.6666666666666666,
        0.6666666666666666
      ],
      [
        0.2857142857142857,
        0.6666666666666666,
        1.0,
        1.0,
        1.0
      ],
      [
        0.2857142857142857,
        0.6666666666666666,
        1.0,
        1.0,
        1.0
      ],
      [
        0.2857142857142857,
        0.6666666666666666,
        1.0,
        1.0,
        1.0
      ]
    ]
  },
  "claudeopus46|Q2.1.4": {
    "batch_indices": [
      1,
      2,
      3,
      4,
      5
    ],
    "matrix": [
      [
        1.0,
        0.7777777777777778,
        1.0,
        0.8235294117647058,
        0.7
      ],
      [
        0.7777777777777778,
        1.0,
        0.7777777777777778,
        0.6666666666666666,
        0.9
      ],
      [
        1.0,
        0.7777777777777778,
        1.0,
        0.8235294117647058,
        0.7
      ],
      [
        0.8235294117647058,
        0.6666666666666666,
        0.8235294117647058,
        1.0,
        0.6818181818181818
      ],
      [
        0.7,
        0.9,
        0.7,
        0.6818181818181818,
        1.0
      ]
    ]
  },
  "claudeopus46|Q2.1.5": {
    "batch_indices": [
      1,
      2,
      3,
      4,
      5
    ],
    "matrix": [
      [
        1.0,
        0.6666666666666666,
        0.7272727272727273,
        0.5333333333333333,
        0.5714285714285714
      ],
      [
        0.6666666666666666,
        1.0,
        0.7692307692307693,
        0.6875,
        0.4444444444444444
      ],
      [
        0.7272727272727273,
        0.7692307692307693,
        1.0,
        0.625,
        0.47058823529411764
      ],
      [
        0.5333333333333333,
        0.6875,
        0.625,
        1.0,
        0.5263157894736842
      ],
      [
        0.5714285714285714,
        0.4444444444444444,
        0.47058823529411764,
        0.5263157894736842,
        1.0
      ]
    ]
  },
  "claudeopus46|Q2.1.6": {
    "batch_indices": [
      1,
      2,
      3,
      4,
      5
    ],
    "matrix": [
      [
        1.0,
        0.7777777777777778,
        0.8235294117647058,
        0.8823529411764706,
        0.7647058823529411
      ],
      [
        0.7777777777777778,
        1.0,
        0.7058823529411765,
        0.7647058823529411,
        0.8666666666666667
      ],
      [
        0.8235294117647058,
        0.7058823529411765,
        1.0,
        0.8125,
        0.6875
      ],
      [
        0.8823529411764706,
        0.7647058823529411,
        0.8125,
        1.0,
        0.75
      ],
      [
        0.7647058823529411,
        0.8666666666666667,
        0.6875,
        0.75,
        1.0
      ]
    ]
  },
  "claudeopus46|Q2.2.1": {
    "batch_indices": [
      1,
      2,
      3,
      4,
      5
    ],
    "matrix": [
      [
        1.0,
        1.0,
        1.0,
        1.0,
        1.0
      ],
      [
        1.0,
        1.0,
        1.0,
        1.0,
        1.0
      ],
      [
        1.0,
        1.0,
        1.0,
        1.0,
        1.0
      ],
      [
        1.0,
        1.0,
        1.0,
        1.0,
        1.0
      ],
      [
        1.0,
        1.0,
        1.0,
        1.0,
        1.0
      ]
    ]
  },
  "claudeopus46|Q2.2.2": {
    "batch_indices": [
      1,
      2,
      3,
      4,
      5
    ],
    "matrix": [
      [
        1.0,
        0.18181818181818182,
        0.5,
        0.2,
        0.14285714285714285
      ],
      [
        0.18181818181818182,
        1.0,
        0.36363636363636365,
        0.9090909090909091,
        0.0625
      ],
      [
        0.5,
        0.36363636363636365,
        1.0,
        0.4,
        0.1111111111111111
      ],
      [
        0.2,
        0.9090909090909091,
        0.4,
        1.0,
        0.06666666666666667
      ],
      [
        0.14285714285714285,
        0.0625,
        0.1111111111111111,
        0.06666666666666667,
        1.0
      ]
    ]
  },
  "claudeopus46|Q2.2.3": {
    "batch_indices": [
      1,
      2,
      3,
      4,
      5
    ],
    "matrix": [
      [
        1.0,
        0.3333333333333333,
        0.0,
        0.5,
        0.375
      ],
      [
        0.3333333333333333,
        1.0,
        0.1111111111111111,
        0.4,
        0.5454545454545454
      ],
      [
        0.0,
        0.1111111111111111,
        1.0,
        0.1875,
        0.0
      ],
      [
        0.5,
        0.4,
        0.1875,
        1.0,
        0.3333333333333333
      ],
      [
        0.375,
        0.5454545454545454,
        0.0,
        0.3333333333333333,
        1.0
      ]
    ]
  },
  "claudeopus46|Q2.2.4": {
    "batch_indices": [
      1,
      2,
      3,
      4,
      5
    ],
    "matrix": [
      [
        1.0,
        0.0,
        1.0,
        1.0,
        1.0
      ],
      [
        0.0,
        1.0,
        0.0,
        0.0,
        0.0
      ],
      [
        1.0,
        0.0,
        1.0,
        1.0,
        1.0
      ],
      [
        1.0,
        0.0,
        1.0,
        1.0,
        1.0
      ],
      [
        1.0,
        0.0,
        1.0,
        1.0,
        1.0
      ]
    ]
  },
  "claudeopus46|Q2.2.5": {
    "batch_indices": [
      1,
      2,
      3,
      4,
      5
    ],
    "matrix": [
      [
        1.0,
        1.0,
        1.0,
        1.0,
        1.0
      ],
      [
        1.0,
        1.0,
        1.0,
        1.0,
        1.0
      ],
      [
        1.0,
        1.0,
        1.0,
        1.0,
        1.0
      ],
      [
        1.0,
        1.0,
        1.0,
        1.0,
        1.0
      ],
      [
        1.0,
        1.0,
        1.0,
        1.0,
        1.0
      ]
    ]
  },
  "claudeopus46|Q2.2.6": {
    "batch_indices": [
      1,
      2,
      3,
      4,
      5
    ],
    "matrix": [
      [
        1.0,
        0.14285714285714285,
        0.13095238095238096,
        0.18072289156626506,
        0.11235955056179775
      ],
      [
        0.14285714285714285,
        1.0,
        0.1,
        0.2,
        0.08823529411764706
      ],
      [
        0.13095238095238096,
        0.1,
        1.0,
        0.13157894736842105,
        0.6296296296296297
      ],
      [
        0.18072289156626506,
        0.2,
        0.13157894736842105,
        1.0,
        0.06818181818181818
      ],
      [
        0.11235955056179775,
        0.08823529411764706,
        0.6296296296296297,
        0.06818181818181818,
        1.0
      ]
    ]
  },
  "claudeopus46|Q3.1.1": {
    "batch_indices": [
      1,
      2,
      3,
      4,
      5
    ],
    "matrix": [
      [
        1.0,
        0.02702702702702703,
        0.16216216216216217,
        0.1794871794871795,
        0.13157894736842105
      ],
      [
        0.02702702702702703,
        1.0,
        0.16666666666666666,
        0.1111111111111111,
        0.16666666666666666
      ],
      [
        0.16216216216216217,
        0.16666666666666666,
        1.0,
        0.6666666666666666,
        0.3333333333333333
      ],
      [
        0.1794871794871795,
        0.1111111111111111,
        0.6666666666666666,
        1.0,
        0.36363636363636365
      ],
      [
        0.13157894736842105,
        0.16666666666666666,
        0.3333333333333333,
        0.36363636363636365,
        1.0
      ]
    ]
  },
  "claudeopus46|Q3.1.2": {
    "batch_indices": [
      1,
      2,
      3,
      4,
      5
    ],
    "matrix": [
      [
        1.0,
        0.4,
        0.4375,
        0.4,
        0.6666666666666666
      ],
      [
        0.4,
        1.0,
        0.5,
        0.23076923076923078,
        0.3888888888888889
      ],
      [
        0.4375,
        0.5,
        1.0,
        0.5,
        0.5
      ],
      [
        0.4,
        0.23076923076923078,
        0.5,
        1.0,
        0.47058823529411764
      ],
      [
        0.6666666666666666,
        0.3888888888888889,
        0.5,
        0.47058823529411764,
        1.0
      ]
    ]
  },
  "claudeopus46|Q3.1.3": {
    "batch_indices": [
      1,
      2,
      3,
      4,
      5
    ],
    "matrix": [
      [
        1.0,
        0.5,
        0.2608695652173913,
        0.18181818181818182,
        0.16216216216216217
      ],
      [
        0.5,
        1.0,
        0.18518518518518517,
        0.2727272727272727,
        0.24324324324324326
      ],
      [
        0.2608695652173913,
        0.18518518518518517,
        1.0,
        0.5555555555555556,
        0.5
      ],
      [
        0.18181818181818182,
        0.2727272727272727,
        0.5555555555555556,
        1.0,
        0.8918918918918919
      ],
      [
        0.16216216216216217,
        0.24324324324324326,
        0.5,
        0.8918918918918919,
        1.0
      ]
    ]
  },
  "claudeopus46|Q3.1.4": {
    "batch_indices": [
      1,
      2,
      3,
      4,
      5
    ],
    "matrix": [
      [
        1.0,
        0.6666666666666666,
        0.6666666666666666,
        0.6666666666666666,
        0.2727272727272727
      ],
      [
        0.6666666666666666,
        1.0,
        1.0,
        1.0,
        0.18181818181818182
      ],
      [
        0.6666666666666666,
        1.0,
        1.0,
        1.0,
        0.18181818181818182
      ],
      [
        0.6666666666666666,
        1.0,
        1.0,
        1.0,
        0.18181818181818182
      ],
      [
        0.2727272727272727,
        0.18181818181818182,
        0.18181818181818182,
        0.18181818181818182,
        1.0
      ]
    ]
  },
  "claudeopus46|Q3.1.5": {
    "batch_indices": [
      1,
      2,
      3,
      4,
      5
    ],
    "matrix": [
      [
        1.0,
        0.32142857142857145,
        0.2857142857142857,
        0.36363636363636365,
        0.47368421052631576
      ],
      [
        0.32142857142857145,
        1.0,
        0.21739130434782608,
        0.4090909090909091,
        0.3181818181818182
      ],
      [
        0.2857142857142857,
        0.21739130434782608,
        1.0,
        0.23529411764705882,
        0.46153846153846156
      ],
      [
        0.36363636363636365,
        0.4090909090909091,
        0.23529411764705882,
        1.0,
        0.5714285714285714
      ],
      [
        0.47368421052631576,
        0.3181818181818182,
        0.46153846153846156,
        0.5714285714285714,
        1.0
      ]
    ]
  },
  "claudeopus46|Q3.1.6": {
    "batch_indices": [
      1,
      2,
      3,
      4,
      5
    ],
    "matrix": [
      [
        1.0,
        0.35294117647058826,
        0.45454545454545453,
        0.5,
        0.42857142857142855
      ],
      [
        0.35294117647058826,
        1.0,
        0.3125,
        0.3333333333333333,
        0.3888888888888889
      ],
      [
        0.45454545454545453,
        0.3125,
        1.0,
        0.8571428571428571,
        0.38461538461538464
      ],
      [
        0.5,
        0.3333333333333333,
        0.8571428571428571,
        1.0,
        0.3076923076923077
      ],
      [
        0.42857142857142855,
        0.3888888888888889,
        0.38461538461538464,
        0.3076923076923077,
        1.0
      ]
    ]
  },
  "claudeopus46|Q3.1.7": {
    "batch_indices": [
      1,
      2,
      3,
      4,
      5
    ],
    "matrix": [
      [
        1.0,
        1.0,
        1.0,
        0.2,
        1.0
      ],
      [
        1.0,
        1.0,
        1.0,
        0.2,
        1.0
      ],
      [
        1.0,
        1.0,
        1.0,
        0.2,
        1.0
      ],
      [
        0.2,
        0.2,
        0.2,
        1.0,
        0.2
      ],
      [
        1.0,
        1.0,
        1.0,
        0.2,
        1.0
      ]
    ]
  },
  "claudeopus46|Q3.2.1": {
    "batch_indices": [
      1,
      2,
      3,
      4,
      5
    ],
    "matrix": [
      [
        1.0,
        0.7272727272727273,
        1.0,
        0.9565217391304348,
        0.8461538461538461
      ],
      [
        0.7272727272727273,
        1.0,
        0.7272727272727273,
        0.6956521739130435,
        0.6153846153846154
      ],
      [
        1.0,
        0.7272727272727273,
        1.0,
        0.9565217391304348,
        0.8461538461538461
      ],
      [
        0.9565217391304348,
        0.6956521739130435,
        0.9565217391304348,
        1.0,
        0.8148148148148148
      ],
      [
        0.8461538461538461,
        0.6153846153846154,
        0.8461538461538461,
        0.8148148148148148,
        1.0
      ]
    ]
  },
  "claudeopus46|Q3.2.2": {
    "batch_indices": [
      1,
      2,
      3,
      4,
      5
    ],
    "matrix": [
      [
        1.0,
        1.0,
        1.0,
        0.4166666666666667,
        1.0
      ],
      [
        1.0,
        1.0,
        1.0,
        0.4166666666666667,
        1.0
      ],
      [
        1.0,
        1.0,
        1.0,
        0.4166666666666667,
        1.0
      ],
      [
        0.4166666666666667,
        0.4166666666666667,
        0.4166666666666667,
        1.0,
        0.4166666666666667
      ],
      [
        1.0,
        1.0,
        1.0,
        0.4166666666666667,
        1.0
      ]
    ]
  },
  "claudeopus46|Q3.2.3": {
    "batch_indices": [
      1,
      2,
      3,
      4,
      5
    ],
    "matrix": [
      [
        1.0,
        0.8888888888888888,
        0.6923076923076923,
        1.0,
        0.4
      ],
      [
        0.8888888888888888,
        1.0,
        0.6153846153846154,
        0.8888888888888888,
        0.4444444444444444
      ],
      [
        0.6923076923076923,
        0.6153846153846154,
        1.0,
        0.6923076923076923,
        0.38461538461538464
      ],
      [
        1.0,
        0.8888888888888888,
        0.6923076923076923,
        1.0,
        0.4
      ],
      [
        0.4,
        0.4444444444444444,
        0.38461538461538464,
        0.4,
        1.0
      ]
    ]
  },
  "claudeopus46|Q3.2.4": {
    "batch_indices": [
      1,
      2,
      3,
      4,
      5
    ],
    "matrix": [
      [
        1.0,
        0.45454545454545453,
        0.4,
        0.09523809523809523,
        0.09523809523809523
      ],
      [
        0.45454545454545453,
        1.0,
        0.3888888888888889,
        0.18181818181818182,
        0.18181818181818182
      ],
      [
        0.4,
        0.3888888888888889,
        1.0,
        0.14285714285714285,
        0.14285714285714285
      ],
      [
        0.09523809523809523,
        0.18181818181818182,
        0.14285714285714285,
        1.0,
        1.0
      ],
      [
        0.09523809523809523,
        0.18181818181818182,
        0.14285714285714285,
        1.0,
        1.0
      ]
    ]
  },
  "claudeopus46|Q3.2.5": {
    "batch_indices": [
      1,
      2,
      3,
      4,
      5
    ],
    "matrix": [
      [
        1.0,
        0.2727272727272727,
        0.3333333333333333,
        0.3333333333333333,
        0.3333333333333333
      ],
      [
        0.2727272727272727,
        1.0,
        0.7777777777777778,
        0.7777777777777778,
        0.7777777777777778
      ],
      [
        0.3333333333333333,
        0.7777777777777778,
        1.0,
        1.0,
        1.0
      ],
      [
        0.3333333333333333,
        0.7777777777777778,
        1.0,
        1.0,
        1.0
      ],
      [
        0.3333333333333333,
        0.7777777777777778,
        1.0,
        1.0,
        1.0
      ]
    ]
  },
  "claudeopus46|Q3.2.6": {
    "batch_indices": [
      1,
      2,
      3,
      4,
      5
    ],
    "matrix": [
      [
        1.0,
        0.875,
        0.8571428571428571,
        0.8571428571428571,
        0.8571428571428571
      ],
      [
        0.875,
        1.0,
        0.75,
        0.75,
        0.75
      ],
      [
        0.8571428571428571,
        0.75,
        1.0,
        1.0,
        1.0
      ],
      [
        0.8571428571428571,
        0.75,
        1.0,
        1.0,
        1.0
      ],
      [
        0.8571428571428571,
        0.75,
        1.0,
        1.0,
        1.0
      ]
    ]
  },
  "claudeopus46|Q3.2.7": {
    "batch_indices": [
      1,
      2,
      3,
      4,
      5
    ],
    "matrix": [
      [
        1.0,
        1.0,
        1.0,
        1.0,
        1.0
      ],
      [
        1.0,
        1.0,
        1.0,
        1.0,
        1.0
      ],
      [
        1.0,
        1.0,
        1.0,
        1.0,
        1.0
      ],
      [
        1.0,
        1.0,
        1.0,
        1.0,
        1.0
      ],
      [
        1.0,
        1.0,
        1.0,
        1.0,
        1.0
      ]
    ]
  },
  "claudeopus46|Q5.1.1": {
    "batch_indices": [
      1,
      2,
      3,
      4,
      5
    ],
    "matrix": [
      [
        1.0,
        1.0,
        0.07462686567164178,
        0.0975609756097561,
        1.0
      ],
      [
        1.0,
        1.0,
        0.07462686567164178,
        0.0975609756097561,
        1.0
      ],
      [
        0.07462686567164178,
        0.07462686567164178,
        1.0,
        0.7804878048780488,
        0.07462686567164178
      ],
      [
        0.0975609756097561,
        0.0975609756097561,
        0.7804878048780488,
        1.0,
        0.0975609756097561
      ],
      [
        1.0,
        1.0,
        0.07462686567164178,
        0.0975609756097561,
        1.0
      ]
    ]
  },
  "claudeopus46|Q5.1.2": {
    "batch_indices": [
      1,
      2,
      3,
      4,
      5
    ],
    "matrix": [
      [
        1.0,
        0.23636363636363636,
        0.14285714285714285,
        0.14285714285714285,
        0.07142857142857142
      ],
      [
        0.23636363636363636,
        1.0,
        0.037037037037037035,
        0.037037037037037035,
        0.018518518518518517
      ],
      [
        0.14285714285714285,
        0.037037037037037035,
        1.0,
        1.0,
        0.5
      ],
      [
        0.14285714285714285,
        0.037037037037037035,
        1.0,
        1.0,
        0.5
      ],
      [
        0.07142857142857142,
        0.018518518518518517,
        0.5,
        0.5,
        1.0
      ]
    ]
  },
  "claudeopus46|Q5.1.3": {
    "batch_indices": [
      1,
      2,
      3,
      4,
      5
    ],
    "matrix": [
      [
        1.0,
        0.15384615384615385,
        0.18181818181818182,
        0.2631578947368421,
        0.21739130434782608
      ],
      [
        0.15384615384615385,
        1.0,
        0.0707070707070707,
        0.05813953488372093,
        0.07954545454545454
      ],
      [
        0.18181818181818182,
        0.0707070707070707,
        1.0,
        0.25,
        0.2608695652173913
      ],
      [
        0.2631578947368421,
        0.05813953488372093,
        0.25,
        1.0,
        0.5555555555555556
      ],
      [
        0.21739130434782608,
        0.07954545454545454,
        0.2608695652173913,
        0.5555555555555556,
        1.0
      ]
    ]
  },
  "claudeopus46|Q5.1.4": {
    "batch_indices": [
      1,
      2,
      3,
      4,
      5
    ],
    "matrix": [
      [
        1.0,
        0.12244897959183673,
        0.5918367346938775,
        0.8979591836734694,
        0.8775510204081632
      ],
      [
        0.12244897959183673,
        1.0,
        0.20689655172413793,
        0.13636363636363635,
        0.13953488372093023
      ],
      [
        0.5918367346938775,
        0.20689655172413793,
        1.0,
        0.6590909090909091,
        0.6744186046511628
      ],
      [
        0.8979591836734694,
        0.13636363636363635,
        0.6590909090909091,
        1.0,
        0.9333333333333333
      ],
      [
        0.8775510204081632,
        0.13953488372093023,
        0.6744186046511628,
        0.9333333333333333,
        1.0
      ]
    ]
  },
  "claudeopus46|Q5.1.5": {
    "batch_indices": [
      1,
      2,
      3,
      4,
      5
    ],
    "matrix": [
      [
        1.0,
        0.35714285714285715,
        0.55,
        0.3235294117647059,
        0.08333333333333333
      ],
      [
        0.35714285714285715,
        1.0,
        0.4090909090909091,
        0.36363636363636365,
        0.08333333333333333
      ],
      [
        0.55,
        0.4090909090909091,
        1.0,
        0.35714285714285715,
        0.05555555555555555
      ],
      [
        0.3235294117647059,
        0.36363636363636365,
        0.35714285714285715,
        1.0,
        0.2692307692307692
      ],
      [
        0.08333333333333333,
        0.08333333333333333,
        0.05555555555555555,
        0.2692307692307692,
        1.0
      ]
    ]
  },
  "claudeopus46|Q5.1.6": {
    "batch_indices": [
      1,
      2,
      3,
      4,
      5
    ],
    "matrix": [
      [
        1.0,
        0.16666666666666666,
        0.2,
        0.14285714285714285,
        0.125
      ],
      [
        0.16666666666666666,
        1.0,
        0.85,
        0.85,
        0.15789473684210525
      ],
      [
        0.2,
        0.85,
        1.0,
        0.9047619047619048,
        0.25
      ],
      [
        0.14285714285714285,
        0.85,
        0.9047619047619048,
        1.0,
        0.25
      ],
      [
        0.125,
        0.15789473684210525,
        0.25,
        0.25,
        1.0
      ]
    ]
  },
  "claudeopus46|Q5.2.1": {
    "batch_indices": [
      1,
      2,
      3,
      4,
      5
    ],
    "matrix": [
      [
        1.0,
        0.5833333333333334,
        0.7692307692307693,
        0.4444444444444444,
        0.6923076923076923
      ],
      [
        0.5833333333333334,
        1.0,
        0.6666666666666666,
        0.5333333333333333,
        0.7272727272727273
      ],
      [
        0.7692307692307693,
        0.6666666666666666,
        1.0,
        0.5,
        0.7692307692307693
      ],
      [
        0.4444444444444444,
        0.5333333333333333,
        0.5,
        1.0,
        0.625
      ],
      [
        0.6923076923076923,
        0.7272727272727273,
        0.7692307692307693,
        0.625,
        1.0
      ]
    ]
  },
  "claudeopus46|Q5.2.2": {
    "batch_indices": [
      1,
      2,
      3,
      4,
      5
    ],
    "matrix": [
      [
        1.0,
        0.08695652173913043,
        0.06896551724137931,
        0.25,
        0.0
      ],
      [
        0.08695652173913043,
        1.0,
        0.043478260869565216,
        0.08,
        0.0
      ],
      [
        0.06896551724137931,
        0.043478260869565216,
        1.0,
        0.06451612903225806,
        0.0
      ],
      [
        0.25,
        0.08,
        0.06451612903225806,
        1.0,
        0.0
      ],
      [
        0.0,
        0.0,
        0.0,
        0.0,
        1.0
      ]
    ]
  },
  "claudeopus46|Q5.2.3": {
    "batch_indices": [
      1,
      2,
      3,
      4,
      5
    ],
    "matrix": [
      [
        1.0,
        1.0,
        1.0,
        0.0,
        1.0
      ],
      [
        1.0,
        1.0,
        1.0,
        0.0,
        1.0
      ],
      [
        1.0,
        1.0,
        1.0,
        0.0,
        1.0
      ],
      [
        0.0,
        0.0,
        0.0,
        1.0,
        0.0
      ],
      [
        1.0,
        1.0,
        1.0,
        0.0,
        1.0
      ]
    ]
  },
  "claudeopus46|Q5.2.4": {
    "batch_indices": [
      1,
      2,
      3,
      4,
      5
    ],
    "matrix": [
      [
        1.0,
        0.14285714285714285,
        0.3333333333333333,
        0.5,
        0.08695652173913043
      ],
      [
        0.14285714285714285,
        1.0,
        0.17647058823529413,
        0.2857142857142857,
        0.32142857142857145
      ],
      [
        0.3333333333333333,
        0.17647058823529413,
        1.0,
        0.25,
        0.07407407407407407
      ],
      [
        0.5,
        0.2857142857142857,
        0.25,
        1.0,
        0.17391304347826086
      ],
      [
        0.08695652173913043,
        0.32142857142857145,
        0.07407407407407407,
        0.17391304347826086,
        1.0
      ]
    ]
  },
  "claudeopus46|Q5.2.5": {
    "batch_indices": [
      1,
      2,
      3,
      4,
      5
    ],
    "matrix": [
      [
        1.0,
        0.0,
        0.3333333333333333,
        0.25,
        1.0
      ],
      [
        0.0,
        1.0,
        0.0,
        0.0,
        0.0
      ],
      [
        0.3333333333333333,
        0.0,
        1.0,
        0.16666666666666666,
        0.3333333333333333
      ],
      [
        0.25,
        0.0,
        0.16666666666666666,
        1.0,
        0.25
      ],
      [
        1.0,
        0.0,
        0.3333333333333333,
        0.25,
        1.0
      ]
    ]
  },
  "claudeopus46|Q5.2.6": {
    "batch_indices": [
      1,
      2,
      3,
      4,
      5
    ],
    "matrix": [
      [
        1.0,
        1.0,
        1.0,
        1.0,
        1.0
      ],
      [
        1.0,
        1.0,
        1.0,
        1.0,
        1.0
      ],
      [
        1.0,
        1.0,
        1.0,
        1.0,
        1.0
      ],
      [
        1.0,
        1.0,
        1.0,
        1.0,
        1.0
      ],
      [
        1.0,
        1.0,
        1.0,
        1.0,
        1.0
      ]
    ]
  },
  "claudesonnet46|Q1.1.1": {
    "batch_indices": [
      1,
      2,
      3,
      4,
      5
    ],
    "matrix": [
      [
        1.0,
        0.8823529411764706,
        0.8611111111111112,
        1.0,
        0.9411764705882353
      ],
      [
        0.8823529411764706,
        1.0,
        0.75,
        0.8823529411764706,
        0.9375
      ],
      [
        0.8611111111111112,
        0.75,
        1.0,
        0.8611111111111112,
        0.8055555555555556
      ],
      [
        1.0,
        0.8823529411764706,
        0.8611111111111112,
        1.0,
        0.9411764705882353
      ],
      [
        0.9411764705882353,
        0.9375,
        0.8055555555555556,
        0.9411764705882353,
        1.0
      ]
    ]
  },
  "claudesonnet46|Q1.1.2": {
    "batch_indices": [
      1,
      2,
      3,
      4,
      5
    ],
    "matrix": [
      [
        1.0,
        0.5384615384615384,
        0.3076923076923077,
        0.3333333333333333,
        0.07692307692307693
      ],
      [
        0.5384615384615384,
        1.0,
        0.625,
        0.45454545454545453,
        0.25
      ],
      [
        0.3076923076923077,
        0.625,
        1.0,
        0.18181818181818182,
        0.4
      ],
      [
        0.3333333333333333,
        0.45454545454545453,
        0.18181818181818182,
        1.0,
        0.25
      ],
      [
        0.07692307692307693,
        0.25,
        0.4,
        0.25,
        1.0
      ]
    ]
  },
  "claudesonnet46|Q1.1.3": {
    "batch_indices": [
      1,
      2,
      3,
      4,
      5
    ],
    "matrix": [
      [
        1.0,
        1.0,
        1.0,
        1.0,
        1.0
      ],
      [
        1.0,
        1.0,
        1.0,
        1.0,
        1.0
      ],
      [
        1.0,
        1.0,
        1.0,
        1.0,
        1.0
      ],
      [
        1.0,
        1.0,
        1.0,
        1.0,
        1.0
      ],
      [
        1.0,
        1.0,
        1.0,
        1.0,
        1.0
      ]
    ]
  },
  "claudesonnet46|Q1.1.4": {
    "batch_indices": [
      1,
      2,
      3,
      4,
      5
    ],
    "matrix": [
      [
        1.0,
        1.0,
        0.2,
        0.4,
        1.0
      ],
      [
        1.0,
        1.0,
        0.2,
        0.4,
        1.0
      ],
      [
        0.2,
        0.2,
        1.0,
        0.5,
        0.2
      ],
      [
        0.4,
        0.4,
        0.5,
        1.0,
        0.4
      ],
      [
        1.0,
        1.0,
        0.2,
        0.4,
        1.0
      ]
    ]
  },
  "claudesonnet46|Q1.1.5": {
    "batch_indices": [
      1,
      2,
      3,
      4,
      5
    ],
    "matrix": [
      [
        1.0,
        0.5,
        0.3333333333333333,
        0.6666666666666666,
        0.6666666666666666
      ],
      [
        0.5,
        1.0,
        0.625,
        0.8333333333333334,
        0.8333333333333334
      ],
      [
        0.3333333333333333,
        0.625,
        1.0,
        0.5555555555555556,
        0.5555555555555556
      ],
      [
        0.6666666666666666,
        0.8333333333333334,
        0.5555555555555556,
        1.0,
        1.0
      ],
      [
        0.6666666666666666,
        0.8333333333333334,
        0.5555555555555556,
        1.0,
        1.0
      ]
    ]
  },
  "claudesonnet46|Q1.1.6": {
    "batch_indices": [
      1,
      2,
      3,
      4,
      5
    ],
    "matrix": [
      [
        1.0,
        0.0,
        0.0,
        0.0,
        0.0
      ],
      [
        0.0,
        1.0,
        0.2903225806451613,
        0.1724137931034483,
        0.13333333333333333
      ],
      [
        0.0,
        0.2903225806451613,
        1.0,
        0.1111111111111111,
        0.25
      ],
      [
        0.0,
        0.1724137931034483,
        0.1111111111111111,
        1.0,
        0.2727272727272727
      ],
      [
        0.0,
        0.13333333333333333,
        0.25,
        0.2727272727272727,
        1.0
      ]
    ]
  },
  "claudesonnet46|Q1.2.1": {
    "batch_indices": [
      1,
      2,
      3,
      4,
      5
    ],
    "matrix": [
      [
        1.0,
        0.5714285714285714,
        0.5714285714285714,
        1.0,
        0.6666666666666666
      ],
      [
        0.5714285714285714,
        1.0,
        0.5555555555555556,
        0.5714285714285714,
        0.625
      ],
      [
        0.5714285714285714,
        0.5555555555555556,
        1.0,
        0.5714285714285714,
        0.625
      ],
      [
        1.0,
        0.5714285714285714,
        0.5714285714285714,
        1.0,
        0.6666666666666666
      ],
      [
        0.6666666666666666,
        0.625,
        0.625,
        0.6666666666666666,
        1.0
      ]
    ]
  },
  "claudesonnet46|Q1.2.2": {
    "batch_indices": [
      1,
      2,
      3,
      4,
      5
    ],
    "matrix": [
      [
        1.0,
        0.8648648648648649,
        0.0,
        0.8648648648648649,
        0.02702702702702703
      ],
      [
        0.8648648648648649,
        1.0,
        0.0,
        1.0,
        0.03125
      ],
      [
        0.0,
        0.0,
        1.0,
        0.0,
        0.0
      ],
      [
        0.8648648648648649,
        1.0,
        0.0,
        1.0,
        0.03125
      ],
      [
        0.02702702702702703,
        0.03125,
        0.0,
        0.03125,
        1.0
      ]
    ]
  },
  "claudesonnet46|Q1.2.3": {
    "batch_indices": [
      1,
      2,
      3,
      4,
      5
    ],
    "matrix": [
      [
        1.0,
        0.14285714285714285,
        0.47619047619047616,
        0.23529411764705882,
        0.10526315789473684
      ],
      [
        0.14285714285714285,
        1.0,
        0.09375,
        0.13636363636363635,
        0.08695652173913043
      ],
      [
        0.47619047619047616,
        0.09375,
        1.0,
        0.14285714285714285,
        0.06666666666666667
      ],
      [
        0.23529411764705882,
        0.13636363636363635,
        0.14285714285714285,
        1.0,
        0.2222222222222222
      ],
      [
